              precision    recall  f1-score   support

           0     1.0000    1.0000    1.0000        40
           1     1.0000    1.0000    1.0000        40
           2     0.9500    0.9500    0.9500        40
           3     1.0000    1.0000    1.0000        40
           4     0.9744    0.9500    0.9620        40
           5     1.0000    1.0000    1.0000        40
           6     1.0000    1.0000    1.0000        40
           7     1.0000    1.0000    1.0000        40
           8     0.9286    0.9750    0.9512        40
           9     1.0000    0.9750    0.9873        40

    accuracy                         0.9875       400
   macro avg     0.9878    0.9875    0.9876       400
weighted avg     0.9878    0.9875    0.9876       400
