              precision    recall  f1-score   support

           0     0.9021    0.9310    0.9163      1000
           1     0.9606    0.9650    0.9628       429
           2     0.9608    0.9550    0.9579      1000
           3     0.9788    0.9690    0.9739      1000
           4     0.9509    0.9490    0.9499      1000
           5     0.9585    0.9250    0.9415      1000
           6     0.9841    0.9947    0.9894       374
           7     0.9560    0.9560    0.9560      1000
           8     0.9555    0.9709    0.9632       929
           9     0.9350    0.9350    0.9350      1000

    accuracy                         0.9514      8732
   macro avg     0.9542    0.9551    0.9546      8732
weighted avg     0.9517    0.9514    0.9515      8732
